#Declaro variables
x <- 555
y <- 3367234681