#Declaro variables
x <- 555
y <- 33623546157825